[
    {"village":"苑東里","kmt": 58.82,"dpp": 40.17,"ind": 1.01},
    {"village":"苑南里","kmt": 51.13,"dpp": 47.88,"ind": 0.99},
    {"village":"苑北里","kmt": 50.17,"dpp": 48.32,"ind": 1.51},
    {"village":"西平里","kmt": 50.21,"dpp": 47.48,"ind": 2.31},
    {"village":"苑港里","kmt": 47.86,"dpp": 49.87,"ind": 2.26},
    {"village":"西勢里","kmt": 53.96,"dpp": 44.67,"ind": 1.37},
    {"village":"海岸里","kmt": 52.17,"dpp": 45.47,"ind": 2.37},
    {"village":"房裡里","kmt": 59.81,"dpp": 38.08,"ind": 2.11},
    {"village":"客庄里","kmt": 53.46,"dpp": 44.89,"ind": 1.65},
    {"village":"中正里","kmt": 56.02,"dpp": 42.17,"ind": 1.81},
    {"village":"苑坑里","kmt": 53.58,"dpp": 44.60,"ind": 1.83},
    {"village":"水坡里","kmt": 52.40,"dpp": 45.41,"ind": 2.18},
    {"village":"新復里","kmt": 62.98,"dpp": 35.79,"ind": 1.23},
    {"village":"山腳里","kmt": 47.61,"dpp": 51.17,"ind": 1.22},
    {"village":"舊社里","kmt": 57.70,"dpp": 39.76,"ind": 2.54},
    {"village":"福田里","kmt": 56.39,"dpp": 41.74,"ind": 1.88},
    {"village":"石鎮里","kmt": 52.74,"dpp": 44.98,"ind": 2.28},
    {"village":"蕉埔里","kmt": 61.56,"dpp": 37.03,"ind": 1.41},
    {"village":"南勢里","kmt": 48.14,"dpp": 49.02,"ind": 2.84},
    {"village":"泰田里","kmt": 50.92,"dpp": 46.69,"ind": 2.39},
    {"village":"上館里","kmt": 61.63,"dpp": 36.02,"ind": 2.35},
    {"village":"玉田里","kmt": 54.11,"dpp": 42.23,"ind": 3.66},
    {"village":"社苓里","kmt": 54.16,"dpp": 44.01,"ind": 1.84},
    {"village":"山柑里","kmt": 60.48,"dpp": 38.46,"ind": 1.05},
    {"village":"田心里","kmt": 59.62,"dpp": 38.93,"ind": 1.45}
]