[
  {"village": "苑東里","kmt": 48.11,"dpp": 49.53,"pfp": 2.36},
  {"village": "苑南里","kmt": 48.26,"dpp": 49.31,"pfp": 2.42},
  {"village": "苑北里","kmt": 47.39,"dpp": 49.92,"pfp": 2.69},
  {"village": "西平里","kmt": 39.30,"dpp": 58.37,"pfp": 2.32},
  {"village": "苑港里","kmt": 36.61,"dpp": 60.45,"pfp": 2.94},
  {"village": "西勢里","kmt": 46.08,"dpp": 50.93,"pfp": 2.99},
  {"village": "海岸里","kmt": 38.30,"dpp": 59.61,"pfp": 2.09},
  {"village": "房裡里","kmt": 46.32,"dpp": 52.00,"pfp": 1.69},
  {"village": "客庄里","kmt": 50.47,"dpp": 47.30,"pfp": 2.22},
  {"village": "中正里","kmt": 42.65,"dpp": 54.81,"pfp": 2.54},
  {"village": "苑坑里","kmt": 36.50,"dpp": 60.94,"pfp": 2.56},
  {"village": "水坡里","kmt": 35.36,"dpp": 61.61,"pfp": 3.04},
  {"village": "新復里","kmt": 51.50,"dpp": 46.15,"pfp": 2.36},
  {"village": "山腳里","kmt": 42.55,"dpp": 54.61,"pfp": 2.85},
  {"village": "舊社里","kmt": 47.43,"dpp": 49.69,"pfp": 2.89},
  {"village": "福田里","kmt": 43.69,"dpp": 53.44,"pfp": 2.87},
  {"village": "石鎮里","kmt": 47.74,"dpp": 50.83,"pfp": 1.43},
  {"village": "蕉埔里","kmt": 46.99,"dpp": 50.73,"pfp": 2.28},
  {"village": "南勢里","kmt": 41.46,"dpp": 55.89,"pfp": 2.64},
  {"village": "泰田里","kmt": 41.35,"dpp": 55.23,"pfp": 3.42},
  {"village": "上館里","kmt": 46.49,"dpp": 50.13,"pfp": 3.38},
  {"village": "玉田里","kmt": 42.24,"dpp": 54.57,"pfp": 3.19},
  {"village": "社苓里","kmt": 45.92,"dpp": 51.38,"pfp": 2.70},
  {"village": "山柑里","kmt": 51.14,"dpp": 46.57,"pfp": 2.29},
  {"village": "田心里","kmt": 47.32,"dpp": 49.83,"pfp": 2.85}
]