[
  {"village": "苑東里","kmt": 25.48,"dpp": 62.77,"pfp": 11.75},
  {"village": "苑南里","kmt": 29.98,"dpp": 58.46,"pfp": 11.56},
  {"village": "苑北里","kmt": 28.71,"dpp": 59.41,"pfp": 11.88},
  {"village": "西平里","kmt": 25.76,"dpp": 62.79,"pfp": 11.45},
  {"village": "苑港里","kmt": 21.31,"dpp": 65.72,"pfp": 12.97},
  {"village": "西勢里","kmt": 20.37,"dpp": 70.80,"pfp": 8.83},
  {"village": "海岸里","kmt": 25.44,"dpp": 62.07,"pfp": 12.49},
  {"village": "房裡里","kmt": 20.49,"dpp": 66.67,"pfp": 12.84},
  {"village": "客庄里","kmt": 24.20,"dpp": 65.92,"pfp": 9.88},
  {"village": "中正里","kmt": 29.83,"dpp": 58.20,"pfp": 11.97},
  {"village": "苑坑里","kmt": 24.98,"dpp": 64.03,"pfp": 10.99},
  {"village": "水坡里","kmt": 17.95,"dpp": 72.28,"pfp": 9.78},
  {"village": "新復里","kmt": 17.79,"dpp": 69.82,"pfp": 12.39},
  {"village": "山腳里","kmt": 27.32,"dpp": 62.92,"pfp": 9.76},
  {"village": "舊社里","kmt": 27.23,"dpp": 62.57,"pfp": 10.20},
  {"village": "福田里","kmt": 26.46,"dpp": 60.52,"pfp": 13.03},
  {"village": "石鎮里","kmt": 26.30,"dpp": 63.15,"pfp": 10.55},
  {"village": "蕉埔里","kmt": 28.42,"dpp": 61.32,"pfp": 10.26},
  {"village": "南勢里","kmt": 30.02,"dpp": 56.78,"pfp": 13.21},
  {"village": "泰田里","kmt": 25.43,"dpp": 62.83,"pfp": 11.74},
  {"village": "上館里","kmt": 22.37,"dpp": 67.03,"pfp": 10.59},
  {"village": "玉田里","kmt": 26.15,"dpp": 59.04,"pfp": 14.81},
  {"village": "社苓里","kmt": 24.80,"dpp": 63.02,"pfp": 12.18},
  {"village": "山柑里","kmt": 24.67,"dpp": 64.42,"pfp": 10.91},
  {"village": "田心里","kmt": 25.75,"dpp": 59.60,"pfp": 14.65}
]