[
  {"village": "苑東里","kmt": 36.62,"dpp": 59.55,"pfp": 3.82},
  {"village": "苑南里","kmt": 37.57,"dpp": 57.44,"pfp": 4.99},
  {"village": "苑北里","kmt": 33.79,"dpp": 62.21,"pfp": 3.99},
  {"village": "西平里","kmt": 31.13,"dpp": 64.85,"pfp": 4.01},
  {"village": "苑港里","kmt": 23.29,"dpp": 71.80,"pfp": 4.91},
  {"village": "西勢里","kmt": 33.29,"dpp": 62.75,"pfp": 3.96},
  {"village": "海岸里","kmt": 30.24,"dpp": 65.93,"pfp": 3.83},
  {"village": "房裡里","kmt": 32.51,"dpp": 63.64,"pfp": 3.85},
  {"village": "客庄里","kmt": 36.57,"dpp": 58.64,"pfp": 4.80},
  {"village": "中正里","kmt": 34.50,"dpp": 61.63,"pfp": 3.88},
  {"village": "苑坑里","kmt": 27.71,"dpp": 69.28,"pfp": 3.01},
  {"village": "水坡里","kmt": 30.92,"dpp": 65.03,"pfp": 4.05},
  {"village": "新復里","kmt": 35.72,"dpp": 58.98,"pfp": 5.30},
  {"village": "山腳里","kmt": 35.32,"dpp": 60.40,"pfp": 4.28},
  {"village": "舊社里","kmt": 36.53,"dpp": 57.29,"pfp": 6.18},
  {"village": "福田里","kmt": 33.41,"dpp": 61.92,"pfp": 4.68},
  {"village": "石鎮里","kmt": 37.96,"dpp": 59.16,"pfp": 2.88},
  {"village": "蕉埔里","kmt": 44.37,"dpp": 50.00,"pfp": 5.63},
  {"village": "南勢里","kmt": 32.47,"dpp": 62.99,"pfp": 4.55},
  {"village": "泰田里","kmt": 29.64,"dpp": 66.24,"pfp": 4.12},
  {"village": "上館里","kmt": 39.15,"dpp": 55.97,"pfp": 4.88},
  {"village": "玉田里","kmt": 34.00,"dpp": 61.37,"pfp": 4.63},
  {"village": "社苓里","kmt": 33.86,"dpp": 62.58,"pfp": 3.57},
  {"village": "山柑里","kmt": 35.52,"dpp": 58.22,"pfp": 6.26},
  {"village": "田心里","kmt": 33.41,"dpp": 60.96,"pfp": 5.63}
]